-20.8661865111101	4.374450555401268
