-6.793687116352075	-5.4338660443991245
